19 22 22 30 14 33 27 46 25 21 38 48 26 17 19 30 31 4 38 7 2 26 15 25 16 30 29 14 21 36 9 44 37 21 23 6 41 14 7 16 25 18 4 29 42 11 23 45 22 8
43 48 47 4 21 39 30 10 20 25 26 35 47 5 15 41 30 39 44 43 25 20 35 16 12 49 37 9 28 25 34 22 32 28 23 15 5 10 29 2 44 29 7 10 36 34 38 33 39 33
3 15 27 13 38 40 36 39 37 37 21 2 26 6 37 37 12 40 7 27 17 44 11 33 0 26 50 13 31 50 39 18 11 8 5 40 24 38 29 21 0 47 46 15 8 16 27 46 7 32
27 24 25 16 24 50 16 37 27 17 34 40 39 38 13 4 30 1 8 17 23 21 5 25 2 42 38 29 18 2 1 12 7 14 21 24 50 12 18 47 4 46 30 14 24 35 25 13 24 8
37 22 38 6 45 27 37 41 41 47 28 24 30 11 22 14 20 38 4 42 49 15 38 16 9 13 27 29 18 42 24 23 4 35 17 38 39 37 44 44 47 9 21 32 23 18 39 4 11 12
31 0 20 27 50 16 39 34 17 4 18 15 38 13 14 21 4 0 25 40 9 50 19 5 7 36 11 6 41 1 39 24 30 15 40 24 39 29 41 49 17 4 20 26 50 48 0 39 3 44
20 41 18 36 1 50 1 35 44 37 35 33 25 14 50 50 3 15 19 25 16 15 22 34 46 31 44 1 47 17 46 9 48 15 6 28 35 1 33 30 42 50 8 48 16 30 46 22 14 48
39 17 36 14 44 38 34 29 43 37 42 7 19 48 0 5 42 15 2 40 28 4 15 27 15 3 18 5 36 33 19 28 11 16 0 12 37 9 42 1 34 34 14 8 14 50 21 32 50 23
18 8 18 6 30 33 27 1 35 26 33 48 20 44 32 35 21 30 44 24 8 26 11 20 41 50 46 22 21 9 21 38 43 22 38 34 38 33 50 29 35 36 32 46 24 18 21 29 48 38
36 22 44 23 45 42 38 10 46 16 11 46 31 34 26 26 45 16 19 15 27 3 43 37 38 49 10 9 13 14 46 39 12 40 35 0 25 10 2 29 12 50 10 28 31 17 10 38 41 41
24 35 47 0 50 8 20 33 1 2 14 17 20 35 32 48 0 46 31 11 36 23 25 49 29 11 12 12 11 48 9 22 32 39 22 24 40 24 32 37 18 42 4 31 17 5 42 23 21 50
34 13 39 38 50 19 14 44 27 41 38 21 25 23 28 29 6 26 45 3 41 41 43 9 42 34 40 12 7 10 22 33 35 24 12 26 41 7 39 20 2 12 27 31 37 23 36 24 30 26
12 50 26 1 26 31 5 32 29 48 9 24 42 42 41 3 41 22 24 23 48 26 30 46 17 7 35 45 7 25 5 8 45 19 15 31 27 5 38 33 44 26 42 6 13 10 39 6 30 12
41 8 19 42 45 7 13 31 30 14 50 10 41 0 35 11 5 18 34 39 12 14 29 23 50 10 0 26 50 39 35 32 50 5 30 31 8 35 15 49 40 17 48 18 42 24 37 37 25 50
26 42 44 14 44 45 1 15 27 47 27 34 36 7 15 13 23 2 41 48 49 7 26 28 16 47 31 40 22 40 49 14 16 17 44 45 50 6 45 20 42 45 13 4 9 35 6 5 25 13
46 4 7 30 37 19 30 48 17 29 11 32 9 38 47 13 8 50 30 6 4 33 42 34 27 45 17 20 29 1 2 12 5 18 41 11 21 30 41 32 32 30 17 6 34 23 36 1 25 26
34 29 1 12 15 46 19 42 32 6 14 46 49 37 20 50 49 16 13 30 4 33 6 35 49 31 50 38 23 19 18 40 1 21 14 26 10 19 28 33 12 26 4 47 3 7 47 50 10 47
13 31 20 32 25 38 38 47 30 3 1 18 20 26 18 17 50 43 26 16 24 33 28 47 15 9 23 17 38 2 2 3 6 4 27 11 18 12 50 15 14 34 33 29 49 46 8 14 20 50
50 18 46 48 2 49 17 22 26 33 45 9 20 34 20 2 15 40 40 44 24 24 7 7 31 32 50 37 7 14 3 0 25 27 23 40 23 37 15 12 49 42 26 17 50 33 29 4 43 23
34 50 35 33 0 38 1 30 7 31 49 18 29 15 16 33 31 44 12 13 26 13 22 14 14 29 34 50 11 22 35 6 32 26 14 17 49 34 18 22 14 15 8 7 2 36 9 41 34 44
5 36 2 20 36 38 28 32 21 22 18 50 10 26 25 26 8 27 11 27 17 14 5 4 17 0 21 36 23 21 6 23 3 7 45 35 23 27 15 25 18 46 10 47 11 23 34 44 49 39
43 28 8 0 48 5 30 29 7 49 6 30 21 43 30 5 45 22 9 6 13 3 31 40 34 19 13 13 28 3 29 24 13 47 36 9 11 2 17 41 15 28 1 28 4 4 49 19 39 43
45 8 45 18 12 20 21 29 36 50 22 41 5 14 36 32 29 0 17 27 22 28 3 43 0 4 36 10 9 24 23 33 7 38 32 24 38 31 3 13 28 23 19 28 4 12 34 41 28 5
2 22 37 33 11 32 25 35 2 15 24 45 7 3 28 45 30 50 1 24 25 36 14 41 15 22 2 4 44 23 46 44 44 40 10 28 46 36 14 39 33 31 45 5 25 38 27 33 23 41
29 8 6 25 21 41 44 9 15 37 10 39 13 26 4 4 20 25 4 18 28 13 50 39 12 50 29 11 24 32 24 40 21 6 20 17 30 37 22 1 32 1 34 42 31 17 8 6 22 4
0 44 25 42 36 27 46 43 15 31 14 14 20 39 31 31 44 46 16 48 24 39 28 5 45 41 3 37 38 48 41 30 13 10 7 41 34 47 32 37 15 21 16 20 9 25 25 9 14 27
16 9 39 33 34 31 3 5 18 3 35 26 1 39 30 28 35 31 32 4 1 3 39 48 40 12 20 47 41 22 44 44 46 48 32 30 26 24 28 38 41 4 35 12 50 32 6 24 30 31
28 41 2 4 3 24 16 13 44 7 7 7 28 4 21 40 28 27 18 42 12 5 2 28 47 37 1 39 11 45 29 41 33 44 45 29 49 37 35 0 15 24 30 47 46 27 8 44 44 12
24 47 43 6 17 45 42 49 0 16 47 25 15 17 2 16 4 49 31 50 39 24 14 18 13 40 44 38 20 6 39 43 21 2 25 39 46 40 47 50 50 30 44 16 36 10 40 44 44 31
38 29 11 49 18 0 49 14 15 45 27 2 40 16 29 37 35 1 23 44 7 13 37 17 32 36 46 27 47 20 20 28 9 39 1 25 37 41 11 41 34 16 7 7 5 5 1 29 1 0
25 33 23 34 6 39 2 32 28 24 47 24 10 33 46 11 17 41 6 25 19 22 19 23 21 29 42 7 28 28 0 28 10 17 44 36 20 15 7 9 50 11 4 37 41 21 46 8 33 6
35 27 7 6 36 11 12 38 46 24 50 24 20 15 15 50 6 40 22 40 21 34 0 4 1 44 22 49 15 22 32 26 36 27 26 20 19 45 24 16 18 21 36 38 48 25 7 41 38 14
27 39 45 19 15 34 50 21 25 40 10 37 8 42 8 22 5 28 5 12 9 0 39 44 16 49 22 47 14 36 24 19 18 49 13 42 45 49 9 46 35 41 27 23 21 40 11 5 21 3
40 49 28 39 3 3 16 29 22 15 6 49 39 31 50 9 10 20 37 49 34 37 30 49 44 19 13 21 1 46 45 19 48 12 22 0 46 1 48 26 27 43 1 22 3 3 34 34 3 44
5 47 0 23 26 22 42 41 23 19 37 48 10 20 49 21 37 37 45 29 6 46 23 4 37 50 48 7 16 20 14 2 44 19 47 1 36 39 9 10 28 3 19 41 36 21 33 22 4 40
19 36 4 31 6 32 33 44 32 17 37 29 35 35 2 15 30 26 50 8 11 50 30 42 46 39 29 40 21 23 13 5 7 33 20 16 40 8 15 6 44 46 10 41 43 37 4 41 2 8
30 6 30 9 1 6 36 5 48 19 47 42 39 22 30 10 50 48 46 2 12 34 16 38 26 7 41 48 0 25 44 2 18 9 49 26 37 5 3 40 43 33 3 18 19 14 35 31 16 44
45 8 14 22 29 7 14 32 3 50 15 34 28 12 28 35 3 16 28 49 34 34 49 40 29 7 19 13 34 4 13 14 6 8 16 23 28 36 10 35 22 20 30 6 39 33 2 49 7 31
45 8 25 18 25 32 37 45 40 36 14 2 28 33 2 11 23 19 47 31 32 17 22 13 34 14 34 11 6 4 20 25 43 8 33 24 5 47 32 19 47 38 34 17 12 38 31 41 40 17
32 6 25 35 42 29 2 15 17 28 13 29 47 24 33 35 26 48 0 43 34 23 12 29 17 27 46 47 41 33 3 35 19 26 12 8 40 36 1 21 24 39 32 39 43 37 43 12 16 41
48 49 3 30 50 27 43 46 14 17 7 32 37 38 15 42 26 22 40 8 20 49 9 48 6 4 50 42 21 34 0 11 0 23 11 34 35 45 13 49 32 23 13 0 36 34 24 7 29 49
45 6 27 36 20 39 34 44 35 0 6 30 19 50 49 28 2 28 0 9 47 45 35 20 4 16 12 41 1 7 17 35 4 28 24 6 12 12 41 1 32 49 28 43 46 12 34 6 0 6
28 30 31 48 35 33 25 4 26 47 14 34 17 12 27 8 48 39 17 27 36 30 42 39 9 4 16 34 38 39 2 2 45 3 39 4 9 37 27 14 39 0 43 29 49 44 44 41 0 34
18 13 46 22 15 35 0 49 7 11 25 11 17 28 8 25 2 6 6 15 42 37 40 5 50 22 26 35 19 19 35 8 24 42 3 35 19 14 23 3 10 23 27 32 41 5 36 25 44 35
5 7 46 44 0 25 12 50 48 17 38 25 35 48 23 10 12 0 18 19 47 18 29 44 37 9 47 23 17 42 16 47 8 4 43 41 37 39 34 39 34 35 15 16 14 44 13 18 40 39
2 24 15 32 38 4 45 31 17 41 46 48 11 49 29 39 50 13 23 30 22 30 33 23 35 11 22 8 7 35 46 22 37 39 17 25 1 1 45 38 46 35 36 33 35 7 22 46 50 21
18 15 30 14 36 32 9 35 35 45 32 31 35 20 5 35 27 30 11 18 43 50 22 21 2 36 16 26 17 30 30 31 20 50 49 47 5 33 1 16 10 12 46 31 16 42 26 24 38 47
0 45 8 45 17 14 32 47 10 1 45 7 12 8 0 31 12 36 17 29 35 14 31 43 25 47 32 48 5 5 21 21 4 0 46 14 15 28 41 40 13 21 40 36 8 0 42 14 34 37
48 25 8 9 8 46 24 23 12 37 5 37 38 39 34 37 33 26 43 22 6 8 27 5 48 4 40 20 48 22 49 50 45 42 42 13 38 22 22 48 22 46 25 29 10 40 40 47 46 5
34 20 20 49 45 34 49 14 20 22 2 26 23 7 0 4 38 25 31 22 38 7 10 35 22 21 28 10 3 10 9 9 41 36 48 4 1 1 24 18 34 3 12 11 50 45 31 49 48 33
