#N:
1000
"""
Svar: 19
0
1
8
11
69
88
96
101
111
181
609
619
689
808
818
888
906
916
986
"""

#N:
2000
"""
Svar: 24
0
1
8
11
69
88
96
101
111
181
609
619
689
808
818
888
906
916
986
1001
1111
1691
1881
1961
"""

#N:
888
"""
svar: 16
0
1
8
11
69
88
96
101
111
181
609
619
689
808
818
888
"""

#N:
2500
"""
Svar: 24
0
1
8
11
69
88
96
101
111
181
609
619
689
808
818
888
906
916
986
1001
1111
1691
1881
1961
"""